1	0.333333	0
2	0.666667	0
3	0.333333	0.333333
4	1		0
5	0.666667	0.333333
6	0.333333	0.666667
7	1.33333		0
8	1		0.333333
9	0.666667	0.666667
10	0.333333	1
11	1.66667		0
12	1.33333		0.333333
13	1		0.666667
14	0.666667	1
15	1.66667		0.333333
16	1.33333		0.666667
17	1		1
18	1.66667		0.666667
19	1.33333		1
20	1		1.33333
21	1.66667		1
22	1.33333		1.33333
23	1		1.66667
24	1.66667		1.33333
25	1.33333		1.66667
26	1		2
27	1.66667		1.66667
28	1.33333		2
29	1.66667		2
30	0		0
31	0		0.333333
32	0		0.666667
33	0		1
34	2		0
35	2		0.333333
36	2		0.666667
37	2		1
38	2		1.33333
39	2		1.66667
40	2		2
41	0.833333	0.833333
42	1.16667		0.833333
43	1.16667		1.16667
44	1.16667		0.5
45	1.5		0.5
46	1.5		0.833333
47	1.5		1.16667
48	0.916667	0.916667
49	1.08333		0.916667
50	1.08333		1.08333
