1	0.333333	0
2	0.666667	0
3	0.333333	0.333333
4	1		0
5	0.666667	0.333333
6	0.333333	0.666667
7	1.33333		0
8	1		0.333333
9	0.666667	0.666667
10	0.333333	1
11	1.66667		0
12	1.33333		0.333333
13	1		0.666667
14	0.666667	1
15	1.66667		0.333333
16	1.33333		0.666667
17	1		1
18	1.66667		0.666667
19	1.33333		1
20	1		1.33333
21	1.66667		1
22	1.33333		1.33333
23	1		1.66667
24	1.66667		1.33333
25	1.33333		1.66667
26	1		2
27	1.66667		1.66667
28	1.33333		2
29	1.66667		2
30	0		0
31	0		0.333333
32	0		0.666667
33	0		1
34	2		0
35	2		0.333333
36	2		0.666667
37	2		1
38	2		1.33333
39	2		1.66667
40	2		2
41	0.833333	0.833333
42	1.16667		0.833333
43	1.16667		1.16667
44	1.16667		0.5
45	1.5		0.5
46	1.5		0.833333
47	1.5		1.16667
48	0.916667	0.916667
49	1.08333		0.916667
50	1.08333		1.08333
51      0.2             0.1
52      0.2             0.2
53      0.2             0.3
54      0.2             0.4
55      0.2             0.5
56      0.2             0.6
57      0.2             0.7
58      0.2             0.8
59      0.2             0.9
60      0.2             1.0
61      0.4             0.1
62      0.4             0.2
63      0.4             0.3
64      0.4             0.4
65      0.4             0.5
66      0.4             0.6
67      0.4             0.7
68      0.4             0.8
69      0.4             0.9
70      0.4             1.0
71      0.6             0.1
72      0.6             0.2
73      0.6             0.3
74      0.6             0.4
75      0.6             0.5
76      0.6             0.6
77      0.6             0.7
78      0.6             0.8
79      0.6             0.9
80      0.6             1.0
81      0.8             0.1
82      0.8             0.2
83      0.8             0.3
84      0.8             0.4
85      0.8             0.5
86      0.8             0.6
87      0.8             0.7
88      0.8             0.8
89      0.8             0.9
90      0.8             1.0
91      0.9             0.1
92      0.9             0.2
93      0.9             0.3
94      0.9             0.4
95      0.9             0.5
96      0.9             0.6
97      0.9             0.7
98      0.9             0.8
99      0.9             0.9
100     0.9             1.0
101     0.2             0.0
102     0.4             0.0
103     0.6             0.0
104     0.8             0.0
105     0.9             0.0
